63337249 15.28 8.55 0
81488714 16.87 0.25 26
50210417 17.12 2.43 0
52446051 17.36 0.23 24
29048619 16.35 0.09 0
56724441 13.94 0.81 48
89703777 15.85 0.09 0
69432751 17.65 3.11 0
19062403 16.69 0.56 0
93143100 15.06 0.01 0
25431423 17.57 0.44 45
74678873 16.85 0.14 0
21458787 15.83 24.57 0
27019465 17.69 12.05 28
53568135 15.42 0.09 0
35596090 16.12 1.26 0
17237539 17.25 0.20 38
58579203 16.57 0.02 0
61840385 16.25 1.37 0
62566022 14.99 8.44 36
92184605 15.61 1.29 42
23178867 15.90 0.68 22
24075008 14.79 0.05 0
38690428 15.30 1.13 0
52892167 14.17 12.59 0
19310494 15.68 2.46 30
14294478 17.88 1.44 31
17836744 15.76 7.46 48
91918434 14.88 8.37 35
55682233 16.37 0.41 17
53782423 15.20 0.16 0
74069124 16.39 1.11 0
55785224 14.97 7.20 31
22018872 15.78 0.33 0
15588363 16.85 0.05 41
78070325 14.17 0.47 0
48831301 15.03 0.20 33
42585532 17.27 1.84 54
62996337 16.91 4.77 31
89613242 14.73 1.68 32
41289154 16.45 0.22 39
92562292 15.79 3.99 0
49876274 15.47 0.11 0
99016315 16.40 1.50 43
49447772 15.47 0.09 40
15939238 16.60 7.30 0
56349303 15.78 1.12 0
61527485 16.25 1.37 0
28614493 15.61 8.20 28
94006484 17.15 8.84 33
31775010 15.42 1.20 0
78815296 15.95 0.12 44
54795478 16.09 8.91 0
21954659 16.04 12.15 37
97728088 15.46 1.92 0
89057464 16.21 8.35 29
71324378 15.44 11.68 0
39616164 13.96 3.44 0
45791255 15.10 0.43 31
22277469 16.40 0.98 0
69430813 15.70 1.21 0
41911441 16.90 0.23 0
18573002 15.42 0.05 42
67710420 15.23 4.99 0
65236082 15.86 0.98 0
39428667 14.88 0.77 0
11785481 16.39 0.06 43
26509516 15.68 0.39 50
62668461 16.19 3.39 39
42389197 17.63 2.59 0
16743806 16.19 4.26 51
58604268 15.07 0.05 0
22873481 15.84 0.24 44
46188364 17.57 0.34 0
50800572 15.75 2.28 21
74785331 15.67 4.40 0
22511718 14.36 0.13 34
32822714 15.42 15.92 0
23847611 14.63 1.68 0
68656388 17.25 0.81 29
80915226 16.06 0.25 0
28318925 16.42 0.63 28
34410748 16.41 1.53 0
29341843 16.71 5.76 0
46381973 14.80 0.89 0
32648394 16.44 6.17 55
57644529 16.33 0.19 0
96734570 15.81 7.67 49
87529297 16.82 0.80 14
16248106 16.91 0.26 39
39243876 16.01 3.52 0
67382511 15.93 1.12 0
99417664 16.83 0.01 0
18067478 14.27 0.10 0
54707578 15.42 0.13 0
99124116 16.67 0.01 44
83822816 16.94 0.71 0
21468870 14.89 6.04 0
25089829 18.42 0.09 0
99235020 15.38 8.26 0
99311689 17.63 0.49 0
41236361 15.82 0.50 39
81406847 17.11 5.02 0