63337249 20 26 89 -1 1.67 68.6 24.6 0 0 7.6 1 0 i
81488714 26 39 110 20 1.65 75 27.55 0 10 1.3 1 30.83 c
50210417 33 52 137 47 1.67 85.6 30.69 0 2 11.1 1 0 i
52446051 28 39 115 25 1.56 75.7 31.11 0 4 2.2 1 34.17 e
29048619 28 39 153 63 1.59 69.9 27.65 0 44 0.6 1 41.55 i
56724441 28 39 91 1 1.55 72.1 30.01 0 6 10.8 1 35.55 c
89703777 33 52 88 -2 1.6 68.9 26.91 0 6 22.5 1 0 i
69432751 31 52 135 45 1.55 80.1 33.34 0 0 0 1 41.27 i
19062403 32 52 142 52 1.72 87.2 29.48 0 0 4.2 1 0 i
93143100 29 39 87 -3 1.64 91.6 34.06 0 4 0 1 0 i
25431423 20 26 142 52 1.69 67.9 23.77 0 18 3.2 1 34.46 e
74678873 19 13 80 -10 1.75 78.8 25.73 0 3 7.2 1 0 i
21458787 31 52 108 18 1.61 76.4 29.47 0 9 3.2 1 36.45 i
27019465 23 26 120 30 1.64 63.2 23.5 0 28 2.2 1 29.1 c
53568135 22 26 126 36 1.59 68.9 27.25 0 20 39 1 0 i
35596090 24 26 100 10 1.73 74.8 24.99 0 12 0 1 0 i
17237539 18 13 125 35 1.62 85.5 32.58 0 12 0.2 1 28.72 e
58579203 14 0 123 33 1.68 85.5 30.29 0 2 3.3 1 0 i
61840385 25 39 100 10 1.76 74.8 24.15 0 6 16 1 0 i
62566022 25 39 123 33 1.61 67.5 26.04 0 5 1.5 1 32.88 c
92184605 23 26 111 21 1.57 52.4 21.26 0 7 7.8 1 29.6 e
23178867 21 26 123 33 1.66 76.7 27.83 0 0 4.2 1 32.21 c
24075008 32 52 67 -23 1.63 74 27.85 0 3 5.5 1 0 i
38690428 26 39 127 37 1.58 63.2 25.32 0 6 0 1 0 i
52892167 29 39 96 6 1.7 80 27.68 0 0 4.2 1 0 i
19310494 32 52 102 12 1.71 90.9 31.09 0 1 2.7 1 35.11 e
14294478 29 39 119 29 1.69 86.4 30.25 0 0 0 1 32.6 c
17836744 26 39 112 22 1.57 79.4 32.21 0 8 0.5 1 32.84 e
91918434 22 26 97 7 1.77 76.5 24.42 0 6 0.6 1 22.02 c
55682233 26 39 106 16 1.7 90.5 31.31 0 88 2.1 1 36.39 e
53782423 30 52 78 -12 1.66 77.8 28.23 0 10 5 1 0 i
74069124 28 39 89 -1 1.65 75.1 27.58 0 5 8.1 1 0 i
55785224 24 26 109 19 1.74 85.8 28.34 0 51 0.6 1 28.9 c
22018872 30 52 147 57 1.6 69.6 27.19 0 25 0 1 42.11 i
15588363 24 26 132 42 1.65 62.8 23.07 0 3 1.6 1 29.81 e
78070325 27 39 146 56 1.6 84.5 33.01 0 14 0 1 40.68 i
48831301 27 39 106 16 1.54 83.6 35.25 0 6 1.8 1 34.01 c
42585532 28 39 104 14 1.7 79.1 27.37 0 28 2 1 30.89 e
62996337 26 39 128 38 1.65 66.8 24.54 0 18 3 1 35.14 c
89613242 19 13 100 10 1.69 78.1 27.34 0 8 0 1 20.18 e
41289154 27 39 96 6 1.7 79.3 27.44 0 7 0 1 26.43 c
92562292 32 52 109 19 1.68 84.8 30.05 0 12 6.3 1 39.69 i
49876274 19 13 122 32 1.71 69.6 23.8 0 0 0 1 0 i
99016315 28 39 107 17 1.6 81.4 31.8 0 5 1.8 1 32.45 e
49447772 24 26 111 21 1.54 49.8 21 0 18 5.7 1 28.27 c
15939238 30 52 113 23 1.71 66.6 22.78 0 5 20.7 1 0 i
56349303 40 78 128 38 1.68 74.3 26.33 0 3 14.4 1 0 i
61527485 20 26 77 -13 1.61 84.5 32.6 0 24 0 1 0 i
28614493 24 26 107 17 1.74 68.4 22.59 0 16 0 1 23.33 e
94006484 33 52 111 21 1.67 84.5 30.3 0 0 0 1 34.41 c
31775010 30 52 87 -3 1.62 69.4 26.44 0 0 0.8 1 0 i
78815296 25 39 96 6 1.58 81.3 32.57 0 0 0 1 28.64 e
54795478 31 52 136 46 1.58 78.3 31.37 0 2 6 1 45.6 i
21954659 25 39 107 17 1.69 80.8 28.29 0 1 0.3 1 29.25 c
97728088 30 52 113 23 1.6 82.2 32.11 0 4 1.7 1 37.38 i
89057464 30 52 111 21 1.61 63 24.3 0 2 0 1 31.52 e
71324378 36 65 58 -32 1.68 86.3 30.58 0 4 1.4 1 0 i
39616164 29 39 97 7 1.58 58.4 23.39 0 1 13.2 1 0 i
45791255 22 26 121 31 1.69 75.5 26.43 0 9 7.2 1 34.01 c
22277469 30 52 90 0 1.66 86.9 31.54 0 8 7.5 1 37.02 i
69430813 21 26 160 70 1.66 76.3 27.69 0 3 0.6 1 37.51 i
41911441 25 39 143 53 1.55 75.4 31.38 0 6 2.4 1 40.8 i
18573002 24 26 91 1 1.7 80.7 27.92 0 50 2 1 25.81 e
67710420 30 52 144 54 1.64 71.6 26.62 0 1 5.9 1 0 i
65236082 33 52 80 -10 1.69 77.6 27.17 0 4 0 8 0 i
39428667 24 26 84 -6 1.71 48.2 16.48 0 0 3.4 1 0 i
11785481 28 39 112 22 1.79 71.1 22.19 0 0 3.6 1 30.01 c
26509516 25 39 103 13 1.61 76.4 29.47 0 4 2.7 1 31.1 e
62668461 23 26 101 11 1.69 73.7 25.8 0 14 1.7 1 24.92 c
42389197 17 0 106 16 1.62 86.6 33 0 63 62.1 1 0 i
16743806 29 39 132 42 1.67 77.8 27.9 0 17 1 1 35.99 e
58604268 29 39 141 51 1.67 79.5 28.51 0 2 0 1 0 i
22873481 25 39 102 12 1.65 75.7 27.81 0 18 1.4 1 29.66 c
46188364 31 52 124 34 1.68 79.2 28.06 0 6 0 1 36.48 i
50800572 23 26 120 30 1.66 69.2 25.11 0 8 3.6 1 30.08 e
74785331 16 0 75 -15 1.69 72.5 25.38 0 12 4.2 1 0 i
22511718 34 52 117 27 1.69 60.5 21.18 0 12 2 1 33.46 c
32822714 32 52 107 17 1.62 89.5 34.1 0 1 5.1 1 39.73 i
23847611 25 39 83 -7 1.57 85.1 34.52 0 0 9.6 1 0 i
68656388 22 26 104 14 1.61 63.1 24.34 0 0 0 1 22.74 e
80915226 32 52 79 -11 1.73 87.2 29.14 0 1 1.3 1 0 i
28318925 25 39 114 24 1.64 83.1 30.9 0 0 0 1 31.81 c
34410748 40 78 102 12 1.63 82.5 31.05 0 1 1.5 1 41.23 i
29341843 23 26 108 18 1.58 70.2 28.12 0 8 0 14 0 i
46381973 32 52 126 36 1.72 60.5 20.45 0 3 17 1 0 i
32648394 25 39 115 25 1.64 81.7 30.38 0 1 0.8 1 32.49 e
57644529 18 13 94 4 1.63 75 28.23 0 6 22.6 1 0 i
96734570 23 26 108 18 1.68 71.5 25.33 0 0 4.5 1 27.87 c
87529297 26 39 102 12 1.56 73.7 30.28 0 36 1.4 1 31.8 e
16248106 23 26 112 22 1.84 75 22.15 0 0 0 1 23.42 c
39243876 38 65 119 29 1.68 85.5 30.29 0 0 15 1 0 i
67382511 27 39 126 36 1.54 77.9 32.85 0 13 3.8 1 39.27 i
99417664 26 39 93 3 1.63 78.7 29.62 0 6 25.2 1 0 i
18067478 33 52 112 22 1.65 78.5 28.83 0 0 14.4 1 0 i
54707578 22 26 137 47 1.66 67.4 24.46 1 0 5.1 1 0 i
99124116 27 39 128 38 1.67 71.6 25.67 0 55 0 1 35.06 e
83822816 19 13 128 38 1.67 68.4 24.53 0 0 0 1 0 i
21468870 28 39 81 -9 1.58 69.7 27.92 0 4 13.2 1 0 i
25089829 30 52 129 39 1.57 81.8 33.19 0 20 4 1 44.19 i
99235020 36 65 83 -7 1.59 73.5 29.07 0 18 7.5 1 0 i
99311689 25 39 74 -16 1.6 79.8 31.17 0 36 6.2 1 0 i
41236361 24 26 143 53 1.66 78.6 28.52 0 4 1 1 34.53 c
81406847 21 26 140 50 1.63 75 28.23 0 3 24.4 1 0 i