69894869 33 52 122 32 1.68 88.50 31.36 0 50 2.80 1 42.22
15254752 26 39 109 19 1.60 62.80 24.53 0 24 27.90 1 0.00
55258342 21 26 137 47 1.63 77.30 29.09 0 0 0.10 1 32.53
69688734 25 39 91 1 1.55 76.70 31.93 0 12 0.00 1 27.81
58316624 19 13 94 4 1.56 76.40 31.39 0 0 6.20 1 0.00
63097241 24 26 87 -3 1.60 78.60 30.70 0 1 9.20 1 0.00
10942039 29 39 112 22 1.66 78.80 28.60 0 3 2.40 1 32.36
95601335 14 0 84 -6 1.53 81.30 34.73 0 95 1.70 1 0.00
37698796 30 52 133 43 1.59 80.20 31.72 0 9 0.40 1 40.80
62748200 34 52 91 1 1.63 77.00 28.98 0 2 1.10 1 30.33
88991157 30 52 102 12 1.69 76.80 26.89 0 2 8.10 1 37.56
85756190 28 39 124 34 1.75 79.20 25.86 0 2 1.20 1 32.61
44232691 25 39 133 43 1.61 80.30 30.98 0 6 0.60 1 36.87
17137606 17 0 111 21 1.66 74.60 27.07 0 3 14.00 1 0.00
35640137 22 26 128 38 1.60 70.60 27.58 0 2 10.70 1 0.00
75980317 22 26 60 -30 1.70 79.60 27.54 0 0 1.60 1 0.00
38784739 24 26 127 37 1.63 82.30 30.98 0 4 4.50 1 35.12
89069627 30 52 96 6 1.78 84.00 26.51 0 2 15.30 1 0.00
20748866 17 0 98 8 1.70 81.70 28.27 0 0 3.00 1 18.73
93942747 29 39 126 36 1.56 79.80 32.79 0 0 7.70 1 0.00
91537275 23 26 88 -2 1.64 75.70 28.15 0 4 1.50 1 0.00
44412772 25 39 118 28 1.67 64.60 23.16 0 14 0.60 1 30.03
20899719 29 39 148 58 1.50 85.80 38.13 0 28 3.20 1 47.05
75115727 19 13 92 2 1.64 67.90 25.25 0 12 13.20 1 0.00
66466476 27 39 114 24 1.61 67.50 26.04 0 3 7.40 1 0.00
33754716 20 26 68 -22 1.70 78.50 27.16 0 0 0.00 1 0.00
25942008 32 52 65 -25 1.63 83.80 31.54 0 0 0.00 1 0.00
60981716 27 39 92 2 1.60 71.90 28.09 0 12 1.80 1 27.61
57800367 31 52 107 17 1.72 60.40 20.42 0 9 0.00 1 29.03
65647496 20 26 110 20 1.62 68.30 26.02 0 8 0.30 9 28.06
67794804 18 13 133 43 1.67 60.40 21.66 1 2 1.20 1 0.00
65071751 25 39 122 32 1.67 71.90 25.78 0 0 0.60 1 31.53
38903729 24 26 119 29 1.71 73.40 25.10 0 2 0.00 1 0.00
24756728 26 39 136 46 1.58 82.70 33.13 0 6 0.00 1 38.11
59897537 32 52 125 35 1.68 67.00 23.74 0 15 0.00 1 0.00
66437861 37 65 111 21 1.63 74.10 27.89 0 11 0.00 1 37.33
61358796 24 26 94 4 1.67 83.90 30.08 0 2 1.60 1 24.82
26055212 36 65 100 10 1.59 77.30 30.58 0 8 5.60 1 0.00
23423229 26 39 100 10 1.59 67.20 26.58 1 0 45.60 1 0.00
21094361 22 26 123 33 1.55 78.10 32.51 0 0 0.90 1 31.79
44059269 20 26 123 33 1.71 72.70 24.86 0 20 0.00 1 28.22
94320794 19 13 159 69 1.59 83.20 32.91 0 0 43.80 1 0.00
36956287 29 39 120 30 1.59 80.10 31.68 0 6 0.90 1 34.59
40381452 23 26 107 17 1.68 65.80 23.31 0 4 4.60 1 26.92
49542609 26 39 78 -12 1.56 77.50 31.85 0 30 0.60 1 0.00
64414428 34 52 133 43 1.67 72.80 26.10 0 4 0.70 1 37.99
27225259 32 52 124 34 1.60 85.80 33.52 0 6 11.80 1 0.00
20066867 32 52 119 29 1.60 58.00 22.66 0 2 11.80 1 0.00
82431218 23 26 117 27 1.72 69.30 23.42 0 2 0.20 1 25.43
21606852 25 39 132 42 1.78 91.70 28.94 0 0 11.40 1 44.33
88849414 27 39 99 9 1.68 83.10 29.44 0 16 1.00 1 29.38
13357619 25 39 117 27 1.69 73.90 25.87 0 8 2.10 1 32.11
26634231 24 26 75 -15 1.78 79.00 24.93 0 9 1.50 1 0.00
97351984 25 39 112 22 1.62 72.40 27.59 0 0 1.50 1 30.96
65185175 25 39 92 2 1.73 84.00 28.07 0 6 2.60 1 27.97
12412966 21 26 116 26 1.70 70.50 24.39 0 1 5.60 1 0.00
37475873 22 26 106 16 1.66 89.00 32.30 0 2 2.70 1 29.51
86356265 16 0 138 48 1.61 78.10 30.13 0 2 2.40 1 28.14
46944144 22 26 133 43 1.66 87.60 31.79 0 4 0.00 1 33.11
86337445 32 52 140 50 1.57 76.80 31.16 0 6 0.00 1 41.59
33967836 29 39 81 -9 1.63 60.90 22.92 0 0 5.20 1 0.00
63373704 20 26 99 9 1.66 76.40 27.73 0 0 0.20 1 23.48
74639354 23 26 104 14 1.67 79.50 28.51 0 6 25.40 1 0.00
93086665 34 52 123 33 1.63 71.60 26.95 0 0 1.10 1 36.32
29247787 26 39 109 19 1.62 57.90 22.06 0 12 4.70 1 0.00
89288375 23 26 125 35 1.63 81.00 30.49 0 0 0.00 1 30.48
98208596 24 26 152 62 1.64 73.50 27.33 0 0 0.80 1 35.56
65083410 16 0 118 28 1.71 92.20 31.53 0 8 0.00 1 0.00
63423311 20 26 102 12 1.84 70.40 20.79 0 0 10.10 1 0.00
78141806 29 39 90 0 1.51 90.70 39.78 0 0 1.40 1 32.08
74831743 21 26 121 31 1.71 73.20 25.03 0 54 5.80 1 34.39
88378552 27 39 91 1 1.68 67.80 24.02 0 0 4.50 1 27.01
16080112 23 26 85 -5 1.58 81.20 32.53 0 10 6.10 1 0.00
16584094 22 26 126 36 1.64 78.90 29.34 0 10 3.80 1 33.79
72858928 28 39 143 53 1.61 66.20 25.54 0 12 13.70 1 0.00
66596342 27 39 104 14 1.70 78.60 27.20 0 32 1.30 1 30.42
62677260 31 52 101 11 1.58 83.00 33.25 0 6 22.80 1 0.00
33060768 23 26 124 34 1.55 72.50 30.18 0 15 0.00 1 30.85
65092798 18 13 73 -17 1.73 71.00 23.72 0 5 0.40 1 0.00
44497245 27 39 129 39 1.68 77.50 27.46 0 9 0.00 1 33.87
53883316 29 39 104 14 1.69 77.60 27.17 0 10 2.40 1 30.22
42610568 25 39 122 32 1.63 85.00 31.99 0 26 7.80 1 41.93
55976173 27 39 98 8 1.76 78.10 25.21 0 5 9.00 1 0.00
76928715 24 26 119 29 1.74 69.00 22.79 0 0 20.30 1 0.00
88348778 28 39 104 14 1.69 67.50 23.63 0 7 2.20 1 28.14
56313809 23 26 144 54 1.61 71.30 27.51 0 3 0.00 1 33.36
37009795 23 26 125 35 1.64 81.50 30.30 0 56 1.50 1 34.43
14017171 22 26 91 1 1.72 67.70 22.88 0 24 2.80 1 22.65
30429186 26 39 122 32 1.74 63.20 20.87 0 3 1.30 1 29.81
10074259 27 39 106 16 1.84 75.90 22.42 0 20 0.60 1 27.29
16328253 28 39 82 -8 1.59 65.50 25.91 0 22 0.70 1 0.00
56324703 35 65 102 12 1.56 63.50 26.09 0 0 2.40 1 35.88
28880293 21 26 99 9 1.54 74.40 31.37 0 20 16.50 1 0.00
83676199 30 52 133 43 1.70 75.50 26.12 0 14 1.00 1 38.75
43128067 18 13 120 30 1.71 66.20 22.64 0 15 6.30 1 27.87
82603443 21 26 78 -12 1.69 65.00 22.76 0 2 4.50 1 0.00
40697626 21 26 115 25 1.80 65.10 20.09 0 4 0.00 1 23.26
66588710 29 39 104 14 1.68 66.50 23.56 0 0 3.00 1 28.42
21266737 27 39 105 15 1.61 76.40 29.47 0 8 0.00 1 0.00
89448397 31 52 127 37 1.73 48.80 16.31 0 2 2.80 1 33.41
77354124 25 39 100 10 1.73 63.20 21.12 0 1 0.00 17 28.86
91817762 22 26 121 31 1.55 86.40 35.96 0 0 1.80 1 33.83
43675383 20 26 130 40 1.67 70.00 25.10 0 0 7.80 1 35.39
85475570 29 39 93 3 1.62 66.30 25.26 0 0 0.80 1 24.99
83930203 25 39 100 10 1.64 69.70 25.91 0 7 1.30 1 27.64
34407616 22 26 113 23 1.64 81.50 30.30 0 0 2.10 1 29.47
11864479 29 39 119 29 1.54 71.50 30.15 0 6 1.20 1 33.85
16468843 27 39 104 14 1.64 67.40 25.06 0 2 3.00 1 29.27
19020587 29 39 133 43 1.67 82.40 29.55 0 12 5.20 1 40.29
83819936 31 52 89 -1 1.62 80.20 30.56 0 2 4.40 1 0.00
19057837 36 65 139 49 1.60 76.10 29.73 0 2 0.00 1 0.00
14031209 31 52 116 26 1.80 71.90 22.19 0 4 7.50 1 37.92