647894747 6 10 0
323187093 15 1 0
778096073 9 12 0
796349947 13 10 0
593816543 17 15 0
308710637 10 11 0
503028699 6 3 0
655557200 0 3 0
879731494 11 1 0
564676400 14 11 0
681393206 4 13 0
149041630 20 10 0
31341020 6 10 0
645381005 4 8 0
492849987 16 11 0
70036988 18 15 0
329674955 13 14 0
293545967 18 9 0
928059558 5 9 1
144216098 8 13 0
765677220 3 12 0
534357761 4 7 0
252806454 7 9 0
209479808 17 0 0
304683353 1 15 0
817436536 19 9 0
95548445 4 15 0
175403443 4 9 0
643773740 22 8 0
205432343 11 3 0
848914882 21 2 0
297785169 21 1 0
60092943 15 6 0
10497216 22 1 0
915446997 7 12 0
529152362 15 11 0
408507008 13 1 0
248401390 23 7 0
686427766 12 3 0
246777131 8 1 0
980826162 17 1 0
537747871 14 14 0
675158022 8 13 0
676385104 4 4 0
611652239 21 9 1
363108318 0 5 0
257029836 5 11 0
677901156 16 8 0
511096280 10 8 0
316188009 9 13 0
124090406 6 1 0
717392865 17 13 0
48937472 2 4 1
168092555 1 13 0
841011912 22 5 0
144185494 14 5 0
189193514 19 1 0
961063286 10 2 0
124593803 22 9 0
982923922 8 5 0
108151825 14 2 0
308585169 11 6 0
160358179 18 11 0
551902666 1 6 0
483868333 9 5 0
345752047 2 10 0
966110175 12 7 0
188761969 20 7 0
628566625 2 7 0
962293284 8 10 0
79567701 14 9 0
786772044 22 1 0
762368824 12 13 0
540401916 0 7 0
901193114 21 7 0
811962466 11 2 0
22664902 1 1 0
482663161 5 13 1
916294063 13 3 0
556480759 17 13 0
650486819 18 10 0
406108816 17 8 0
228511018 11 13 0
683308018 5 1 1
362509387 5 3 0
403848361 10 13 0
603124706 2 13 0
189185080 2 0 0
190373637 5 1 0
682999719 18 12 0
219832040 15 8 0
650539125 19 1 0
241010447 14 10 0
328616142 17 6 0
305769702 8 3 0
899542747 21 2 0
544051822 13 2 0
463850518 13 10 0
101068467 6 9 0